mixed 1
# qx2 box k=9 from ../runs/qx2_k4x_k008/sol_exact.json; total 3835229774429/50000000000 = k^2 - 4D, D = 214770225571/200000000000
9 1
5
2000000000000
0
2076
7 4 8 4 5833309414
38 4 37 4 5833309414
7 41 8 41 5833309414
38 41 37 41 5833309414
1 5 2 5 6256247922
44 5 43 5 6256247922
1 40 2 40 6256247922
44 40 43 40 6256247922
2 5 3 5 90209623372
43 5 42 5 90209623372
2 40 3 40 90209623372
43 40 42 40 90209623372
3 5 4 5 146995331946
42 5 41 5 146995331946
3 40 4 40 146995331946
42 40 41 40 146995331946
4 5 5 5 758405200666
41 5 40 5 758405200666
4 40 5 40 758405200666
41 40 40 40 758405200666
5 5 6 5 35567308510
40 5 39 5 35567308510
5 40 6 40 35567308510
40 40 39 40 35567308510
6 5 7 5 196127978726
39 5 38 5 196127978726
6 40 7 40 196127978726
39 40 38 40 196127978726
7 5 8 5 210032812444
38 5 37 5 210032812444
7 40 8 40 210032812444
38 40 37 40 210032812444
8 5 9 5 276416015884
37 5 36 5 276416015884
8 40 9 40 276416015884
37 40 36 40 276416015884
9 5 10 5 155651242260
36 5 35 5 155651242260
9 40 10 40 155651242260
36 40 35 40 155651242260
10 5 11 5 88345985816
35 5 34 5 88345985816
10 40 11 40 88345985816
35 40 34 40 88345985816
11 5 12 5 147735882808
34 5 33 5 147735882808
11 40 12 40 147735882808
34 40 33 40 147735882808
12 5 13 5 188804759230
33 5 32 5 188804759230
12 40 13 40 188804759230
33 40 32 40 188804759230
13 5 14 5 152873327740
32 5 31 5 152873327740
13 40 14 40 152873327740
32 40 31 40 152873327740
14 5 15 5 87871111542
31 5 30 5 87871111542
14 40 15 40 87871111542
31 40 30 40 87871111542
8 6 9 6 12719699140
37 6 36 6 12719699140
8 39 9 39 12719699140
37 39 36 39 12719699140
10 6 11 6 13352575173
35 6 34 6 13352575173
10 39 11 39 13352575173
35 39 34 39 13352575173
4 7 5 7 56095169244
41 7 40 7 56095169244
4 38 5 38 56095169244
41 38 40 38 56095169244
8 7 9 7 50650456874
37 7 36 7 50650456874
8 38 9 38 50650456874
37 38 36 38 50650456874
9 7 10 7 9418912726
36 7 35 7 9418912726
9 38 10 38 9418912726
36 38 35 38 9418912726
13 7 14 7 16939845098
32 7 31 7 16939845098
13 38 14 38 16939845098
32 38 31 38 16939845098
8 8 9 8 90836531318
37 8 36 8 90836531318
8 37 9 37 90836531318
37 37 36 37 90836531318
9 8 10 8 22277895678
36 8 35 8 22277895678
9 37 10 37 22277895678
36 37 35 37 22277895678
11 8 12 8 67212828360
34 8 33 8 67212828360
11 37 12 37 67212828360
34 37 33 37 67212828360
13 8 14 8 124270460992
32 8 31 8 124270460992
13 37 14 37 124270460992
32 37 31 37 124270460992
4 9 5 9 84252990602
41 9 40 9 84252990602
4 36 5 36 84252990602
41 36 40 36 84252990602
6 9 7 9 722683954
39 9 38 9 722683954
6 36 7 36 722683954
39 36 38 36 722683954
7 9 8 9 87731943238
38 9 37 9 87731943238
7 36 8 36 87731943238
38 36 37 36 87731943238
8 9 9 9 377054948
37 9 36 9 377054948
8 36 9 36 377054948
37 36 36 36 377054948
9 9 10 9 13933340388
36 9 35 9 13933340388
9 36 10 36 13933340388
36 36 35 36 13933340388
11 9 12 9 216288474
34 9 33 9 216288474
11 36 12 36 216288474
34 36 33 36 216288474
12 9 13 9 69657470010
33 9 32 9 69657470010
12 36 13 36 69657470010
33 36 32 36 69657470010
13 9 14 9 7326187866
32 9 31 9 7326187866
13 36 14 36 7326187866
32 36 31 36 7326187866
14 9 15 9 33439061071
31 9 30 9 33439061071
14 36 15 36 33439061071
31 36 30 36 33439061071
1 10 2 10 2792927034
44 10 43 10 2792927034
1 35 2 35 2792927034
44 35 43 35 2792927034
2 10 3 10 99059197900
43 10 42 10 99059197900
2 35 3 35 99059197900
43 35 42 35 99059197900
3 10 4 10 133198822862
42 10 41 10 133198822862
3 35 4 35 133198822862
42 35 41 35 133198822862
4 10 5 10 753116483990
41 10 40 10 753116483990
4 35 5 35 753116483990
41 35 40 35 753116483990
5 10 6 10 32081814366
40 10 39 10 32081814366
5 35 6 35 32081814366
40 35 39 35 32081814366
6 10 7 10 203409357556
39 10 38 10 203409357556
6 35 7 35 203409357556
39 35 38 35 203409357556
7 10 8 10 172020264142
38 10 37 10 172020264142
7 35 8 35 172020264142
38 35 37 35 172020264142
8 10 9 10 163820888590
37 10 36 10 163820888590
8 35 9 35 163820888590
37 35 36 35 163820888590
9 10 10 10 143790926418
36 10 35 10 143790926418
9 35 10 35 143790926418
36 35 35 35 143790926418
10 10 11 10 71651670686
35 10 34 10 71651670686
10 35 11 35 71651670686
35 35 34 35 71651670686
11 10 12 10 147953680562
34 10 33 10 147953680562
11 35 12 35 147953680562
34 35 33 35 147953680562
12 10 13 10 187932669058
33 10 32 10 187932669058
12 35 13 35 187932669058
33 35 32 35 187932669058
13 10 14 10 141073167618
32 10 31 10 141073167618
13 35 14 35 141073167618
32 35 31 35 141073167618
14 10 15 10 59277564330
31 10 30 10 59277564330
14 35 15 35 59277564330
31 35 30 35 59277564330
3 11 4 11 3104261378
42 11 41 11 3104261378
3 34 4 34 3104261378
42 34 41 34 3104261378
4 11 5 11 61391540292
41 11 40 11 61391540292
4 34 5 34 61391540292
41 34 40 34 61391540292
5 11 6 11 207305762
40 11 39 11 207305762
5 34 6 34 207305762
40 34 39 34 207305762
7 11 8 11 24587733740
38 11 37 11 24587733740
7 34 8 34 24587733740
38 34 37 34 24587733740
8 11 9 11 15489787706
37 11 36 11 15489787706
8 34 9 34 15489787706
37 34 36 34 15489787706
9 11 10 11 18325038676
36 11 35 11 18325038676
9 34 10 34 18325038676
36 34 35 34 18325038676
10 11 11 11 4376603506
35 11 34 11 4376603506
10 34 11 34 4376603506
35 34 34 34 4376603506
12 11 13 11 10382136882
33 11 32 11 10382136882
12 34 13 34 10382136882
33 34 32 34 10382136882
13 11 14 11 5093296764
32 11 31 11 5093296764
13 34 14 34 5093296764
32 34 31 34 5093296764
14 11 15 11 5933166582
31 11 30 11 5933166582
14 34 15 34 5933166582
31 34 30 34 5933166582
4 12 5 12 102899825510
41 12 40 12 102899825510
4 33 5 33 102899825510
41 33 40 33 102899825510
5 12 6 12 23199738652
40 12 39 12 23199738652
5 33 6 33 23199738652
40 33 39 33 23199738652
8 12 9 12 52771192370
37 12 36 12 52771192370
8 33 9 33 52771192370
37 33 36 33 52771192370
9 12 10 12 14538219172
36 12 35 12 14538219172
9 33 10 33 14538219172
36 33 35 33 14538219172
10 12 11 12 23178136772
35 12 34 12 23178136772
10 33 11 33 23178136772
35 33 34 33 23178136772
11 12 12 12 6420586806
34 12 33 12 6420586806
11 33 12 33 6420586806
34 33 33 33 6420586806
12 12 13 12 32068955024
33 12 32 12 32068955024
12 33 13 33 32068955024
33 33 32 33 32068955024
14 12 15 12 44383895682
31 12 30 12 44383895682
14 33 15 33 44383895682
31 33 30 33 44383895682
3 13 4 13 5481140500
42 13 41 13 5481140500
3 32 4 32 5481140500
42 32 41 32 5481140500
4 13 5 13 113080193100
41 13 40 13 113080193100
4 32 5 32 113080193100
41 32 40 32 113080193100
8 13 9 13 60211912346
37 13 36 13 60211912346
8 32 9 32 60211912346
37 32 36 32 60211912346
9 13 10 13 68120502634
36 13 35 13 68120502634
9 32 10 32 68120502634
36 32 35 32 68120502634
10 13 11 13 47342614168
35 13 34 13 47342614168
10 32 11 32 47342614168
35 32 34 32 47342614168
11 13 12 13 41013048108
34 13 33 13 41013048108
11 32 12 32 41013048108
34 32 33 32 41013048108
12 13 13 13 46988464368
33 13 32 13 46988464368
12 32 13 32 46988464368
33 32 32 32 46988464368
13 13 14 13 36106160670
32 13 31 13 36106160670
13 32 14 32 36106160670
32 32 31 32 36106160670
14 13 15 13 27106097444
31 13 30 13 27106097444
14 32 15 32 27106097444
31 32 30 32 27106097444
3 14 4 14 5916245164
42 14 41 14 5916245164
3 31 4 31 5916245164
42 31 41 31 5916245164
4 14 5 14 69569446568
41 14 40 14 69569446568
4 31 5 31 69569446568
41 31 40 31 69569446568
5 14 6 14 6345269866
40 14 39 14 6345269866
5 31 6 31 6345269866
40 31 39 31 6345269866
7 14 8 14 35805381904
38 14 37 14 35805381904
7 31 8 31 35805381904
38 31 37 31 35805381904
8 14 9 14 24333355596
37 14 36 14 24333355596
8 31 9 31 24333355596
37 31 36 31 24333355596
9 14 10 14 9870613148
36 14 35 14 9870613148
9 31 10 31 9870613148
36 31 35 31 9870613148
10 14 11 14 7002313054
35 14 34 14 7002313054
10 31 11 31 7002313054
35 31 34 31 7002313054
11 14 12 14 4528639018
34 14 33 14 4528639018
11 31 12 31 4528639018
34 31 33 31 4528639018
12 14 13 14 30344961906
33 14 32 14 30344961906
12 31 13 31 30344961906
33 31 32 31 30344961906
13 14 14 14 28221558228
32 14 31 14 28221558228
13 31 14 31 28221558228
32 31 31 31 28221558228
14 14 15 14 22457038598
31 14 30 14 22457038598
14 31 15 31 22457038598
31 31 30 31 22457038598
4 15 5 15 2404979406
41 15 40 15 2404979406
4 30 5 30 2404979406
41 30 40 30 2404979406
5 15 6 15 696618444
40 15 39 15 696618444
5 30 6 30 696618444
40 30 39 30 696618444
4 7 4 8 5833309414
41 7 41 8 5833309414
4 38 4 37 5833309414
41 38 41 37 5833309414
5 1 5 2 6256247922
40 1 40 2 6256247922
5 44 5 43 6256247922
40 44 40 43 6256247922
5 2 5 3 90209623372
40 2 40 3 90209623372
5 43 5 42 90209623372
40 43 40 42 90209623372
5 3 5 4 146995331946
40 3 40 4 146995331946
5 42 5 41 146995331946
40 42 40 41 146995331946
5 4 5 5 758405200666
40 4 40 5 758405200666
5 41 5 40 758405200666
40 41 40 40 758405200666
5 5 5 6 35567308510
40 5 40 6 35567308510
5 40 5 39 35567308510
40 40 40 39 35567308510
5 6 5 7 196127978726
40 6 40 7 196127978726
5 39 5 38 196127978726
40 39 40 38 196127978726
5 7 5 8 210032812444
40 7 40 8 210032812444
5 38 5 37 210032812444
40 38 40 37 210032812444
5 8 5 9 276416015884
40 8 40 9 276416015884
5 37 5 36 276416015884
40 37 40 36 276416015884
5 9 5 10 155651242260
40 9 40 10 155651242260
5 36 5 35 155651242260
40 36 40 35 155651242260
5 10 5 11 88345985816
40 10 40 11 88345985816
5 35 5 34 88345985816
40 35 40 34 88345985816
5 11 5 12 147735882808
40 11 40 12 147735882808
5 34 5 33 147735882808
40 34 40 33 147735882808
5 12 5 13 188804759230
40 12 40 13 188804759230
5 33 5 32 188804759230
40 33 40 32 188804759230
5 13 5 14 152873327740
40 13 40 14 152873327740
5 32 5 31 152873327740
40 32 40 31 152873327740
5 14 5 15 87871111542
40 14 40 15 87871111542
5 31 5 30 87871111542
40 31 40 30 87871111542
6 8 6 9 12719699140
39 8 39 9 12719699140
6 37 6 36 12719699140
39 37 39 36 12719699140
6 10 6 11 13352575173
39 10 39 11 13352575173
6 35 6 34 13352575173
39 35 39 34 13352575173
7 4 7 5 56095169244
38 4 38 5 56095169244
7 41 7 40 56095169244
38 41 38 40 56095169244
7 8 7 9 50650456874
38 8 38 9 50650456874
7 37 7 36 50650456874
38 37 38 36 50650456874
7 9 7 10 9418912726
38 9 38 10 9418912726
7 36 7 35 9418912726
38 36 38 35 9418912726
7 13 7 14 16939845098
38 13 38 14 16939845098
7 32 7 31 16939845098
38 32 38 31 16939845098
8 8 8 9 90836531318
37 8 37 9 90836531318
8 37 8 36 90836531318
37 37 37 36 90836531318
8 9 8 10 22277895678
37 9 37 10 22277895678
8 36 8 35 22277895678
37 36 37 35 22277895678
8 11 8 12 67212828360
37 11 37 12 67212828360
8 34 8 33 67212828360
37 34 37 33 67212828360
8 13 8 14 124270460992
37 13 37 14 124270460992
8 32 8 31 124270460992
37 32 37 31 124270460992
9 4 9 5 84252990602
36 4 36 5 84252990602
9 41 9 40 84252990602
36 41 36 40 84252990602
9 6 9 7 722683954
36 6 36 7 722683954
9 39 9 38 722683954
36 39 36 38 722683954
9 7 9 8 87731943238
36 7 36 8 87731943238
9 38 9 37 87731943238
36 38 36 37 87731943238
9 8 9 9 377054948
36 8 36 9 377054948
9 37 9 36 377054948
36 37 36 36 377054948
9 9 9 10 13933340388
36 9 36 10 13933340388
9 36 9 35 13933340388
36 36 36 35 13933340388
9 11 9 12 216288474
36 11 36 12 216288474
9 34 9 33 216288474
36 34 36 33 216288474
9 12 9 13 69657470010
36 12 36 13 69657470010
9 33 9 32 69657470010
36 33 36 32 69657470010
9 13 9 14 7326187866
36 13 36 14 7326187866
9 32 9 31 7326187866
36 32 36 31 7326187866
9 14 9 15 33439061071
36 14 36 15 33439061071
9 31 9 30 33439061071
36 31 36 30 33439061071
10 1 10 2 2792927034
35 1 35 2 2792927034
10 44 10 43 2792927034
35 44 35 43 2792927034
10 2 10 3 99059197900
35 2 35 3 99059197900
10 43 10 42 99059197900
35 43 35 42 99059197900
10 3 10 4 133198822862
35 3 35 4 133198822862
10 42 10 41 133198822862
35 42 35 41 133198822862
10 4 10 5 753116483990
35 4 35 5 753116483990
10 41 10 40 753116483990
35 41 35 40 753116483990
10 5 10 6 32081814366
35 5 35 6 32081814366
10 40 10 39 32081814366
35 40 35 39 32081814366
10 6 10 7 203409357556
35 6 35 7 203409357556
10 39 10 38 203409357556
35 39 35 38 203409357556
10 7 10 8 172020264142
35 7 35 8 172020264142
10 38 10 37 172020264142
35 38 35 37 172020264142
10 8 10 9 163820888590
35 8 35 9 163820888590
10 37 10 36 163820888590
35 37 35 36 163820888590
10 9 10 10 143790926418
35 9 35 10 143790926418
10 36 10 35 143790926418
35 36 35 35 143790926418
10 10 10 11 71651670686
35 10 35 11 71651670686
10 35 10 34 71651670686
35 35 35 34 71651670686
10 11 10 12 147953680562
35 11 35 12 147953680562
10 34 10 33 147953680562
35 34 35 33 147953680562
10 12 10 13 187932669058
35 12 35 13 187932669058
10 33 10 32 187932669058
35 33 35 32 187932669058
10 13 10 14 141073167618
35 13 35 14 141073167618
10 32 10 31 141073167618
35 32 35 31 141073167618
10 14 10 15 59277564330
35 14 35 15 59277564330
10 31 10 30 59277564330
35 31 35 30 59277564330
11 3 11 4 3104261378
34 3 34 4 3104261378
11 42 11 41 3104261378
34 42 34 41 3104261378
11 4 11 5 61391540292
34 4 34 5 61391540292
11 41 11 40 61391540292
34 41 34 40 61391540292
11 5 11 6 207305762
34 5 34 6 207305762
11 40 11 39 207305762
34 40 34 39 207305762
11 7 11 8 24587733740
34 7 34 8 24587733740
11 38 11 37 24587733740
34 38 34 37 24587733740
11 8 11 9 15489787706
34 8 34 9 15489787706
11 37 11 36 15489787706
34 37 34 36 15489787706
11 9 11 10 18325038676
34 9 34 10 18325038676
11 36 11 35 18325038676
34 36 34 35 18325038676
11 10 11 11 4376603506
34 10 34 11 4376603506
11 35 11 34 4376603506
34 35 34 34 4376603506
11 12 11 13 10382136882
34 12 34 13 10382136882
11 33 11 32 10382136882
34 33 34 32 10382136882
11 13 11 14 5093296764
34 13 34 14 5093296764
11 32 11 31 5093296764
34 32 34 31 5093296764
11 14 11 15 5933166582
34 14 34 15 5933166582
11 31 11 30 5933166582
34 31 34 30 5933166582
12 4 12 5 102899825510
33 4 33 5 102899825510
12 41 12 40 102899825510
33 41 33 40 102899825510
12 5 12 6 23199738652
33 5 33 6 23199738652
12 40 12 39 23199738652
33 40 33 39 23199738652
12 8 12 9 52771192370
33 8 33 9 52771192370
12 37 12 36 52771192370
33 37 33 36 52771192370
12 9 12 10 14538219172
33 9 33 10 14538219172
12 36 12 35 14538219172
33 36 33 35 14538219172
12 10 12 11 23178136772
33 10 33 11 23178136772
12 35 12 34 23178136772
33 35 33 34 23178136772
12 11 12 12 6420586806
33 11 33 12 6420586806
12 34 12 33 6420586806
33 34 33 33 6420586806
12 12 12 13 32068955024
33 12 33 13 32068955024
12 33 12 32 32068955024
33 33 33 32 32068955024
12 14 12 15 44383895682
33 14 33 15 44383895682
12 31 12 30 44383895682
33 31 33 30 44383895682
13 3 13 4 5481140500
32 3 32 4 5481140500
13 42 13 41 5481140500
32 42 32 41 5481140500
13 4 13 5 113080193100
32 4 32 5 113080193100
13 41 13 40 113080193100
32 41 32 40 113080193100
13 8 13 9 60211912346
32 8 32 9 60211912346
13 37 13 36 60211912346
32 37 32 36 60211912346
13 9 13 10 68120502634
32 9 32 10 68120502634
13 36 13 35 68120502634
32 36 32 35 68120502634
13 10 13 11 47342614168
32 10 32 11 47342614168
13 35 13 34 47342614168
32 35 32 34 47342614168
13 11 13 12 41013048108
32 11 32 12 41013048108
13 34 13 33 41013048108
32 34 32 33 41013048108
13 12 13 13 46988464368
32 12 32 13 46988464368
13 33 13 32 46988464368
32 33 32 32 46988464368
13 13 13 14 36106160670
32 13 32 14 36106160670
13 32 13 31 36106160670
32 32 32 31 36106160670
13 14 13 15 27106097444
32 14 32 15 27106097444
13 31 13 30 27106097444
32 31 32 30 27106097444
14 3 14 4 5916245164
31 3 31 4 5916245164
14 42 14 41 5916245164
31 42 31 41 5916245164
14 4 14 5 69569446568
31 4 31 5 69569446568
14 41 14 40 69569446568
31 41 31 40 69569446568
14 5 14 6 6345269866
31 5 31 6 6345269866
14 40 14 39 6345269866
31 40 31 39 6345269866
14 7 14 8 35805381904
31 7 31 8 35805381904
14 38 14 37 35805381904
31 38 31 37 35805381904
14 8 14 9 24333355596
31 8 31 9 24333355596
14 37 14 36 24333355596
31 37 31 36 24333355596
14 9 14 10 9870613148
31 9 31 10 9870613148
14 36 14 35 9870613148
31 36 31 35 9870613148
14 10 14 11 7002313054
31 10 31 11 7002313054
14 35 14 34 7002313054
31 35 31 34 7002313054
14 11 14 12 4528639018
31 11 31 12 4528639018
14 34 14 33 4528639018
31 34 31 33 4528639018
14 12 14 13 30344961906
31 12 31 13 30344961906
14 33 14 32 30344961906
31 33 31 32 30344961906
14 13 14 14 28221558228
31 13 31 14 28221558228
14 32 14 31 28221558228
31 32 31 31 28221558228
14 14 14 15 22457038598
31 14 31 15 22457038598
14 31 14 30 22457038598
31 31 31 30 22457038598
15 4 15 5 2404979406
30 4 30 5 2404979406
15 41 15 40 2404979406
30 41 30 40 2404979406
15 5 15 6 696618444
30 5 30 6 696618444
15 40 15 39 696618444
30 40 30 39 696618444
16 3 17 3 26185093669
42 16 42 17 26185093669
29 42 28 42 26185093669
3 29 3 28 26185093669
21 3 22 3 26185093669
42 21 42 22 26185093669
24 42 23 42 26185093669
3 24 3 23 26185093669
26 3 27 3 26185093669
42 26 42 27 26185093669
19 42 18 42 26185093669
3 19 3 18 26185093669
18 3 19 3 26185093669
42 18 42 19 26185093669
27 42 26 42 26185093669
3 27 3 26 26185093669
23 3 24 3 26185093669
42 23 42 24 26185093669
22 42 21 42 26185093669
3 22 3 21 26185093669
28 3 29 3 26185093669
42 28 42 29 26185093669
17 42 16 42 26185093669
3 17 3 16 26185093669
15 4 16 4 43444178400
41 15 41 16 43444178400
30 41 29 41 43444178400
4 30 4 29 43444178400
20 4 21 4 43444178400
41 20 41 21 43444178400
25 41 24 41 43444178400
4 25 4 24 43444178400
25 4 26 4 43444178400
41 25 41 26 43444178400
20 41 19 41 43444178400
4 20 4 19 43444178400
19 4 20 4 43444178400
41 19 41 20 43444178400
26 41 25 41 43444178400
4 26 4 25 43444178400
24 4 25 4 43444178400
41 24 41 25 43444178400
21 41 20 41 43444178400
4 21 4 20 43444178400
29 4 30 4 43444178400
41 29 41 30 43444178400
16 41 15 41 43444178400
4 16 4 15 43444178400
16 4 17 4 71886339622
41 16 41 17 71886339622
29 41 28 41 71886339622
4 29 4 28 71886339622
21 4 22 4 71886339622
41 21 41 22 71886339622
24 41 23 41 71886339622
4 24 4 23 71886339622
26 4 27 4 71886339622
41 26 41 27 71886339622
19 41 18 41 71886339622
4 19 4 18 71886339622
18 4 19 4 71886339622
41 18 41 19 71886339622
27 41 26 41 71886339622
4 27 4 26 71886339622
23 4 24 4 71886339622
41 23 41 24 71886339622
22 41 21 41 71886339622
4 22 4 21 71886339622
28 4 29 4 71886339622
41 28 41 29 71886339622
17 41 16 41 71886339622
4 17 4 16 71886339622
17 4 18 4 113335523918
41 17 41 18 113335523918
28 41 27 41 113335523918
4 28 4 27 113335523918
22 4 23 4 113335523918
41 22 41 23 113335523918
23 41 22 41 113335523918
4 23 4 22 113335523918
27 4 28 4 113335523918
41 27 41 28 113335523918
18 41 17 41 113335523918
4 18 4 17 113335523918
15 5 16 5 45113950336
40 15 40 16 45113950336
30 40 29 40 45113950336
5 30 5 29 45113950336
20 5 21 5 45113950336
40 20 40 21 45113950336
25 40 24 40 45113950336
5 25 5 24 45113950336
25 5 26 5 45113950336
40 25 40 26 45113950336
20 40 19 40 45113950336
5 20 5 19 45113950336
19 5 20 5 45113950336
40 19 40 20 45113950336
26 40 25 40 45113950336
5 26 5 25 45113950336
24 5 25 5 45113950336
40 24 40 25 45113950336
21 40 20 40 45113950336
5 21 5 20 45113950336
29 5 30 5 45113950336
40 29 40 30 45113950336
16 40 15 40 45113950336
5 16 5 15 45113950336
16 5 17 5 47812366264
40 16 40 17 47812366264
29 40 28 40 47812366264
5 29 5 28 47812366264
21 5 22 5 47812366264
40 21 40 22 47812366264
24 40 23 40 47812366264
5 24 5 23 47812366264
26 5 27 5 47812366264
40 26 40 27 47812366264
19 40 18 40 47812366264
5 19 5 18 47812366264
18 5 19 5 47812366264
40 18 40 19 47812366264
27 40 26 40 47812366264
5 27 5 26 47812366264
23 5 24 5 47812366264
40 23 40 24 47812366264
22 40 21 40 47812366264
5 22 5 21 47812366264
28 5 29 5 47812366264
40 28 40 29 47812366264
17 40 16 40 47812366264
5 17 5 16 47812366264
17 5 18 5 47998333786
40 17 40 18 47998333786
28 40 27 40 47998333786
5 28 5 27 47998333786
22 5 23 5 47998333786
40 22 40 23 47998333786
23 40 22 40 47998333786
5 23 5 22 47998333786
27 5 28 5 47998333786
40 27 40 28 47998333786
18 40 17 40 47998333786
5 18 5 17 47998333786
15 7 16 7 13536144849
38 15 38 16 13536144849
30 38 29 38 13536144849
7 30 7 29 13536144849
20 7 21 7 13536144849
38 20 38 21 13536144849
25 38 24 38 13536144849
7 25 7 24 13536144849
25 7 26 7 13536144849
38 25 38 26 13536144849
20 38 19 38 13536144849
7 20 7 19 13536144849
19 7 20 7 13536144849
38 19 38 20 13536144849
26 38 25 38 13536144849
7 26 7 25 13536144849
24 7 25 7 13536144849
38 24 38 25 13536144849
21 38 20 38 13536144849
7 21 7 20 13536144849
29 7 30 7 13536144849
38 29 38 30 13536144849
16 38 15 38 13536144849
7 16 7 15 13536144849
15 8 16 8 1934788486
37 15 37 16 1934788486
30 37 29 37 1934788486
8 30 8 29 1934788486
20 8 21 8 1934788486
37 20 37 21 1934788486
25 37 24 37 1934788486
8 25 8 24 1934788486
25 8 26 8 1934788486
37 25 37 26 1934788486
20 37 19 37 1934788486
8 20 8 19 1934788486
19 8 20 8 1934788486
37 19 37 20 1934788486
26 37 25 37 1934788486
8 26 8 25 1934788486
24 8 25 8 1934788486
37 24 37 25 1934788486
21 37 20 37 1934788486
8 21 8 20 1934788486
29 8 30 8 1934788486
37 29 37 30 1934788486
16 37 15 37 1934788486
8 16 8 15 1934788486
16 8 17 8 91538375492
37 16 37 17 91538375492
29 37 28 37 91538375492
8 29 8 28 91538375492
21 8 22 8 91538375492
37 21 37 22 91538375492
24 37 23 37 91538375492
8 24 8 23 91538375492
26 8 27 8 91538375492
37 26 37 27 91538375492
19 37 18 37 91538375492
8 19 8 18 91538375492
18 8 19 8 91538375492
37 18 37 19 91538375492
27 37 26 37 91538375492
8 27 8 26 91538375492
23 8 24 8 91538375492
37 23 37 24 91538375492
22 37 21 37 91538375492
8 22 8 21 91538375492
28 8 29 8 91538375492
37 28 37 29 91538375492
17 37 16 37 91538375492
8 17 8 16 91538375492
15 9 16 9 34336343788
36 15 36 16 34336343788
30 36 29 36 34336343788
9 30 9 29 34336343788
20 9 21 9 34336343788
36 20 36 21 34336343788
25 36 24 36 34336343788
9 25 9 24 34336343788
25 9 26 9 34336343788
36 25 36 26 34336343788
20 36 19 36 34336343788
9 20 9 19 34336343788
19 9 20 9 34336343788
36 19 36 20 34336343788
26 36 25 36 34336343788
9 26 9 25 34336343788
24 9 25 9 34336343788
36 24 36 25 34336343788
21 36 20 36 34336343788
9 21 9 20 34336343788
29 9 30 9 34336343788
36 29 36 30 34336343788
16 36 15 36 34336343788
9 16 9 15 34336343788
16 9 17 9 63522186228
36 16 36 17 63522186228
29 36 28 36 63522186228
9 29 9 28 63522186228
21 9 22 9 63522186228
36 21 36 22 63522186228
24 36 23 36 63522186228
9 24 9 23 63522186228
26 9 27 9 63522186228
36 26 36 27 63522186228
19 36 18 36 63522186228
9 19 9 18 63522186228
18 9 19 9 63522186228
36 18 36 19 63522186228
27 36 26 36 63522186228
9 27 9 26 63522186228
23 9 24 9 63522186228
36 23 36 24 63522186228
22 36 21 36 63522186228
9 22 9 21 63522186228
28 9 29 9 63522186228
36 28 36 29 63522186228
17 36 16 36 63522186228
9 17 9 16 63522186228
17 9 18 9 92814231740
36 17 36 18 92814231740
28 36 27 36 92814231740
9 28 9 27 92814231740
22 9 23 9 92814231740
36 22 36 23 92814231740
23 36 22 36 92814231740
9 23 9 22 92814231740
27 9 28 9 92814231740
36 27 36 28 92814231740
18 36 17 36 92814231740
9 18 9 17 92814231740
15 10 16 10 22424551148
35 15 35 16 22424551148
30 35 29 35 22424551148
10 30 10 29 22424551148
20 10 21 10 22424551148
35 20 35 21 22424551148
25 35 24 35 22424551148
10 25 10 24 22424551148
25 10 26 10 22424551148
35 25 35 26 22424551148
20 35 19 35 22424551148
10 20 10 19 22424551148
19 10 20 10 22424551148
35 19 35 20 22424551148
26 35 25 35 22424551148
10 26 10 25 22424551148
24 10 25 10 22424551148
35 24 35 25 22424551148
21 35 20 35 22424551148
10 21 10 20 22424551148
29 10 30 10 22424551148
35 29 35 30 22424551148
16 35 15 35 22424551148
10 16 10 15 22424551148
16 10 17 10 23406575934
35 16 35 17 23406575934
29 35 28 35 23406575934
10 29 10 28 23406575934
21 10 22 10 23406575934
35 21 35 22 23406575934
24 35 23 35 23406575934
10 24 10 23 23406575934
26 10 27 10 23406575934
35 26 35 27 23406575934
19 35 18 35 23406575934
10 19 10 18 23406575934
18 10 19 10 23406575934
35 18 35 19 23406575934
27 35 26 35 23406575934
10 27 10 26 23406575934
23 10 24 10 23406575934
35 23 35 24 23406575934
22 35 21 35 23406575934
10 22 10 21 23406575934
28 10 29 10 23406575934
35 28 35 29 23406575934
17 35 16 35 23406575934
10 17 10 16 23406575934
17 10 18 10 39288721490
35 17 35 18 39288721490
28 35 27 35 39288721490
10 28 10 27 39288721490
22 10 23 10 39288721490
35 22 35 23 39288721490
23 35 22 35 39288721490
10 23 10 22 39288721490
27 10 28 10 39288721490
35 27 35 28 39288721490
18 35 17 35 39288721490
10 18 10 17 39288721490
15 11 16 11 6454351550
34 15 34 16 6454351550
30 34 29 34 6454351550
11 30 11 29 6454351550
20 11 21 11 6454351550
34 20 34 21 6454351550
25 34 24 34 6454351550
11 25 11 24 6454351550
25 11 26 11 6454351550
34 25 34 26 6454351550
20 34 19 34 6454351550
11 20 11 19 6454351550
19 11 20 11 6454351550
34 19 34 20 6454351550
26 34 25 34 6454351550
11 26 11 25 6454351550
24 11 25 11 6454351550
34 24 34 25 6454351550
21 34 20 34 6454351550
11 21 11 20 6454351550
29 11 30 11 6454351550
34 29 34 30 6454351550
16 34 15 34 6454351550
11 16 11 15 6454351550
16 11 17 11 5391545418
34 16 34 17 5391545418
29 34 28 34 5391545418
11 29 11 28 5391545418
21 11 22 11 5391545418
34 21 34 22 5391545418
24 34 23 34 5391545418
11 24 11 23 5391545418
26 11 27 11 5391545418
34 26 34 27 5391545418
19 34 18 34 5391545418
11 19 11 18 5391545418
18 11 19 11 5391545418
34 18 34 19 5391545418
27 34 26 34 5391545418
11 27 11 26 5391545418
23 11 24 11 5391545418
34 23 34 24 5391545418
22 34 21 34 5391545418
11 22 11 21 5391545418
28 11 29 11 5391545418
34 28 34 29 5391545418
17 34 16 34 5391545418
11 17 11 16 5391545418
15 12 16 12 43163955878
33 15 33 16 43163955878
30 33 29 33 43163955878
12 30 12 29 43163955878
20 12 21 12 43163955878
33 20 33 21 43163955878
25 33 24 33 43163955878
12 25 12 24 43163955878
25 12 26 12 43163955878
33 25 33 26 43163955878
20 33 19 33 43163955878
12 20 12 19 43163955878
19 12 20 12 43163955878
33 19 33 20 43163955878
26 33 25 33 43163955878
12 26 12 25 43163955878
24 12 25 12 43163955878
33 24 33 25 43163955878
21 33 20 33 43163955878
12 21 12 20 43163955878
29 12 30 12 43163955878
33 29 33 30 43163955878
16 33 15 33 43163955878
12 16 12 15 43163955878
16 12 17 12 35780950862
33 16 33 17 35780950862
29 33 28 33 35780950862
12 29 12 28 35780950862
21 12 22 12 35780950862
33 21 33 22 35780950862
24 33 23 33 35780950862
12 24 12 23 35780950862
26 12 27 12 35780950862
33 26 33 27 35780950862
19 33 18 33 35780950862
12 19 12 18 35780950862
18 12 19 12 35780950862
33 18 33 19 35780950862
27 33 26 33 35780950862
12 27 12 26 35780950862
23 12 24 12 35780950862
33 23 33 24 35780950862
22 33 21 33 35780950862
12 22 12 21 35780950862
28 12 29 12 35780950862
33 28 33 29 35780950862
17 33 16 33 35780950862
12 17 12 16 35780950862
17 12 18 12 61837185090
33 17 33 18 61837185090
28 33 27 33 61837185090
12 28 12 27 61837185090
22 12 23 12 61837185090
33 22 33 23 61837185090
23 33 22 33 61837185090
12 23 12 22 61837185090
27 12 28 12 61837185090
33 27 33 28 61837185090
18 33 17 33 61837185090
12 18 12 17 61837185090
15 13 16 13 1349568280
32 15 32 16 1349568280
30 32 29 32 1349568280
13 30 13 29 1349568280
20 13 21 13 1349568280
32 20 32 21 1349568280
25 32 24 32 1349568280
13 25 13 24 1349568280
25 13 26 13 1349568280
32 25 32 26 1349568280
20 32 19 32 1349568280
13 20 13 19 1349568280
19 13 20 13 1349568280
32 19 32 20 1349568280
26 32 25 32 1349568280
13 26 13 25 1349568280
24 13 25 13 1349568280
32 24 32 25 1349568280
21 32 20 32 1349568280
13 21 13 20 1349568280
29 13 30 13 1349568280
32 29 32 30 1349568280
16 32 15 32 1349568280
13 16 13 15 1349568280
16 13 17 13 40690388322
32 16 32 17 40690388322
29 32 28 32 40690388322
13 29 13 28 40690388322
21 13 22 13 40690388322
32 21 32 22 40690388322
24 32 23 32 40690388322
13 24 13 23 40690388322
26 13 27 13 40690388322
32 26 32 27 40690388322
19 32 18 32 40690388322
13 19 13 18 40690388322
18 13 19 13 40690388322
32 18 32 19 40690388322
27 32 26 32 40690388322
13 27 13 26 40690388322
23 13 24 13 40690388322
32 23 32 24 40690388322
22 32 21 32 40690388322
13 22 13 21 40690388322
28 13 29 13 40690388322
32 28 32 29 40690388322
17 32 16 32 40690388322
13 17 13 16 40690388322
17 13 18 13 40617760312
32 17 32 18 40617760312
28 32 27 32 40617760312
13 28 13 27 40617760312
22 13 23 13 40617760312
32 22 32 23 40617760312
23 32 22 32 40617760312
13 23 13 22 40617760312
27 13 28 13 40617760312
32 27 32 28 40617760312
18 32 17 32 40617760312
13 18 13 17 40617760312
15 14 16 14 20082535896
31 15 31 16 20082535896
30 31 29 31 20082535896
14 30 14 29 20082535896
20 14 21 14 20082535896
31 20 31 21 20082535896
25 31 24 31 20082535896
14 25 14 24 20082535896
25 14 26 14 20082535896
31 25 31 26 20082535896
20 31 19 31 20082535896
14 20 14 19 20082535896
19 14 20 14 20082535896
31 19 31 20 20082535896
26 31 25 31 20082535896
14 26 14 25 20082535896
24 14 25 14 20082535896
31 24 31 25 20082535896
21 31 20 31 20082535896
14 21 14 20 20082535896
29 14 30 14 20082535896
31 29 31 30 20082535896
16 31 15 31 20082535896
14 16 14 15 20082535896
16 14 17 14 35849117296
31 16 31 17 35849117296
29 31 28 31 35849117296
14 29 14 28 35849117296
21 14 22 14 35849117296
31 21 31 22 35849117296
24 31 23 31 35849117296
14 24 14 23 35849117296
26 14 27 14 35849117296
31 26 31 27 35849117296
19 31 18 31 35849117296
14 19 14 18 35849117296
18 14 19 14 35849117296
31 18 31 19 35849117296
27 31 26 31 35849117296
14 27 14 26 35849117296
23 14 24 14 35849117296
31 23 31 24 35849117296
22 31 21 31 35849117296
14 22 14 21 35849117296
28 14 29 14 35849117296
31 28 31 29 35849117296
17 31 16 31 35849117296
14 17 14 16 35849117296
17 14 18 14 40856067898
31 17 31 18 40856067898
28 31 27 31 40856067898
14 28 14 27 40856067898
22 14 23 14 40856067898
31 22 31 23 40856067898
23 31 22 31 40856067898
14 23 14 22 40856067898
27 14 28 14 40856067898
31 27 31 28 40856067898
18 31 17 31 40856067898
14 18 14 17 40856067898
15 1 15 2 2640507254
44 15 43 15 2640507254
30 44 30 43 2640507254
1 30 2 30 2640507254
20 1 20 2 2640507254
44 20 43 20 2640507254
25 44 25 43 2640507254
1 25 2 25 2640507254
25 1 25 2 2640507254
44 25 43 25 2640507254
20 44 20 43 2640507254
1 20 2 20 2640507254
30 1 30 2 2640507254
44 30 43 30 2640507254
15 44 15 43 2640507254
1 15 2 15 2640507254
15 2 15 3 112332345944
43 15 42 15 112332345944
30 43 30 42 112332345944
2 30 3 30 112332345944
20 2 20 3 112332345944
43 20 42 20 112332345944
25 43 25 42 112332345944
2 25 3 25 112332345944
25 2 25 3 112332345944
43 25 42 25 112332345944
20 43 20 42 112332345944
2 20 3 20 112332345944
30 2 30 3 112332345944
43 30 42 30 112332345944
15 43 15 42 112332345944
2 15 3 15 112332345944
15 3 15 4 105449518398
42 15 41 15 105449518398
30 42 30 41 105449518398
3 30 4 30 105449518398
20 3 20 4 105449518398
42 20 41 20 105449518398
25 42 25 41 105449518398
3 25 4 25 105449518398
25 3 25 4 105449518398
42 25 41 25 105449518398
20 42 20 41 105449518398
3 20 4 20 105449518398
30 3 30 4 105449518398
42 30 41 30 105449518398
15 42 15 41 105449518398
3 15 4 15 105449518398
15 4 15 5 763219657614
41 15 40 15 763219657614
30 41 30 40 763219657614
4 30 5 30 763219657614
20 4 20 5 763219657614
41 20 40 20 763219657614
25 41 25 40 763219657614
4 25 5 25 763219657614
25 4 25 5 763219657614
41 25 40 25 763219657614
20 41 20 40 763219657614
4 20 5 20 763219657614
30 4 30 5 763219657614
41 30 40 30 763219657614
15 41 15 40 763219657614
4 15 5 15 763219657614
15 5 15 6 30142324482
40 15 39 15 30142324482
30 40 30 39 30142324482
5 30 6 30 30142324482
20 5 20 6 30142324482
40 20 39 20 30142324482
25 40 25 39 30142324482
5 25 6 25 30142324482
25 5 25 6 30142324482
40 25 39 25 30142324482
20 40 20 39 30142324482
5 20 6 20 30142324482
30 5 30 6 30142324482
40 30 39 30 30142324482
15 40 15 39 30142324482
5 15 6 15 30142324482
15 6 15 7 198558674796
39 15 38 15 198558674796
30 39 30 38 198558674796
6 30 7 30 198558674796
20 6 20 7 198558674796
39 20 38 20 198558674796
25 39 25 38 198558674796
6 25 7 25 198558674796
25 6 25 7 198558674796
39 25 38 25 198558674796
20 39 20 38 198558674796
6 20 7 20 198558674796
30 6 30 7 198558674796
39 30 38 30 198558674796
15 39 15 38 198558674796
6 15 7 15 198558674796
15 7 15 8 188170884270
38 15 37 15 188170884270
30 38 30 37 188170884270
7 30 8 30 188170884270
20 7 20 8 188170884270
38 20 37 20 188170884270
25 38 25 37 188170884270
7 25 8 25 188170884270
25 7 25 8 188170884270
38 25 37 25 188170884270
20 38 20 37 188170884270
7 20 8 20 188170884270
30 7 30 8 188170884270
38 30 37 30 188170884270
15 38 15 37 188170884270
7 15 8 15 188170884270
15 8 15 9 166754038004
37 15 36 15 166754038004
30 37 30 36 166754038004
8 30 9 30 166754038004
20 8 20 9 166754038004
37 20 36 20 166754038004
25 37 25 36 166754038004
8 25 9 25 166754038004
25 8 25 9 166754038004
37 25 36 25 166754038004
20 37 20 36 166754038004
8 20 9 20 166754038004
30 8 30 9 166754038004
37 30 36 30 166754038004
15 37 15 36 166754038004
8 15 9 15 166754038004
15 9 15 10 134558154476
36 15 35 15 134558154476
30 36 30 35 134558154476
9 30 10 30 134558154476
20 9 20 10 134558154476
36 20 35 20 134558154476
25 36 25 35 134558154476
9 25 10 25 134558154476
25 9 25 10 134558154476
36 25 35 25 134558154476
20 36 20 35 134558154476
9 20 10 20 134558154476
30 9 30 10 134558154476
36 30 35 30 134558154476
15 36 15 35 134558154476
9 15 10 15 134558154476
15 10 15 11 74127741022
35 15 34 15 74127741022
30 35 30 34 74127741022
10 30 11 30 74127741022
20 10 20 11 74127741022
35 20 34 20 74127741022
25 35 25 34 74127741022
10 25 11 25 74127741022
25 10 25 11 74127741022
35 25 34 25 74127741022
20 35 20 34 74127741022
10 20 11 20 74127741022
30 10 30 11 74127741022
35 30 34 30 74127741022
15 35 15 34 74127741022
10 15 11 15 74127741022
15 11 15 12 165675532668
34 15 33 15 165675532668
30 34 30 33 165675532668
11 30 12 30 165675532668
20 11 20 12 165675532668
34 20 33 20 165675532668
25 34 25 33 165675532668
11 25 12 25 165675532668
25 11 25 12 165675532668
34 25 33 25 165675532668
20 34 20 33 165675532668
11 20 12 20 165675532668
30 11 30 12 165675532668
34 30 33 30 165675532668
15 34 15 33 165675532668
11 15 12 15 165675532668
15 12 15 13 185358086354
33 15 32 15 185358086354
30 33 30 32 185358086354
12 30 13 30 185358086354
20 12 20 13 185358086354
33 20 32 20 185358086354
25 33 25 32 185358086354
12 25 13 25 185358086354
25 12 25 13 185358086354
33 25 32 25 185358086354
20 33 20 32 185358086354
12 20 13 20 185358086354
30 12 30 13 185358086354
33 30 32 30 185358086354
15 33 15 32 185358086354
12 15 13 15 185358086354
15 13 15 14 123240390888
32 15 31 15 123240390888
30 32 30 31 123240390888
13 30 14 30 123240390888
20 13 20 14 123240390888
32 20 31 20 123240390888
25 32 25 31 123240390888
13 25 14 25 123240390888
25 13 25 14 123240390888
32 25 31 25 123240390888
20 32 20 31 123240390888
13 20 14 20 123240390888
30 13 30 14 123240390888
32 30 31 30 123240390888
15 32 15 31 123240390888
13 15 14 15 123240390888
16 2 16 3 624876576
43 16 42 16 624876576
29 43 29 42 624876576
2 29 3 29 624876576
21 2 21 3 624876576
43 21 42 21 624876576
24 43 24 42 624876576
2 24 3 24 624876576
26 2 26 3 624876576
43 26 42 26 624876576
19 43 19 42 624876576
2 19 3 19 624876576
19 2 19 3 624876576
43 19 42 19 624876576
26 43 26 42 624876576
2 26 3 26 624876576
24 2 24 3 624876576
43 24 42 24 624876576
21 43 21 42 624876576
2 21 3 21 624876576
29 2 29 3 624876576
43 29 42 29 624876576
16 43 16 42 624876576
2 16 3 16 624876576
16 3 16 4 2774735646
42 16 41 16 2774735646
29 42 29 41 2774735646
3 29 4 29 2774735646
21 3 21 4 2774735646
42 21 41 21 2774735646
24 42 24 41 2774735646
3 24 4 24 2774735646
26 3 26 4 2774735646
42 26 41 26 2774735646
19 42 19 41 2774735646
3 19 4 19 2774735646
19 3 19 4 2774735646
42 19 41 19 2774735646
26 42 26 41 2774735646
3 26 4 26 2774735646
24 3 24 4 2774735646
42 24 41 24 2774735646
21 42 21 41 2774735646
3 21 4 21 2774735646
29 3 29 4 2774735646
42 29 41 29 2774735646
16 42 16 41 2774735646
3 16 4 16 2774735646
16 4 16 5 68728161516
41 16 40 16 68728161516
29 41 29 40 68728161516
4 29 5 29 68728161516
21 4 21 5 68728161516
41 21 40 21 68728161516
24 41 24 40 68728161516
4 24 5 24 68728161516
26 4 26 5 68728161516
41 26 40 26 68728161516
19 41 19 40 68728161516
4 19 5 19 68728161516
19 4 19 5 68728161516
41 19 40 19 68728161516
26 41 26 40 68728161516
4 26 5 26 68728161516
24 4 24 5 68728161516
41 24 40 24 68728161516
21 41 21 40 68728161516
4 21 5 21 68728161516
29 4 29 5 68728161516
41 29 40 29 68728161516
16 41 16 40 68728161516
4 16 5 16 68728161516
16 5 16 6 26274762088
40 16 39 16 26274762088
29 40 29 39 26274762088
5 29 6 29 26274762088
21 5 21 6 26274762088
40 21 39 21 26274762088
24 40 24 39 26274762088
5 24 6 24 26274762088
26 5 26 6 26274762088
40 26 39 26 26274762088
19 40 19 39 26274762088
5 19 6 19 26274762088
19 5 19 6 26274762088
40 19 39 19 26274762088
26 40 26 39 26274762088
5 26 6 26 26274762088
24 5 24 6 26274762088
40 24 39 24 26274762088
21 40 21 39 26274762088
5 21 6 21 26274762088
29 5 29 6 26274762088
40 29 39 29 26274762088
16 40 16 39 26274762088
5 16 6 16 26274762088
16 6 16 7 1251923352
39 16 38 16 1251923352
29 39 29 38 1251923352
6 29 7 29 1251923352
21 6 21 7 1251923352
39 21 38 21 1251923352
24 39 24 38 1251923352
6 24 7 24 1251923352
26 6 26 7 1251923352
39 26 38 26 1251923352
19 39 19 38 1251923352
6 19 7 19 1251923352
19 6 19 7 1251923352
39 19 38 19 1251923352
26 39 26 38 1251923352
6 26 7 26 1251923352
24 6 24 7 1251923352
39 24 38 24 1251923352
21 39 21 38 1251923352
6 21 7 21 1251923352
29 6 29 7 1251923352
39 29 38 29 1251923352
16 39 16 38 1251923352
6 16 7 16 1251923352
16 7 16 8 27555779758
38 16 37 16 27555779758
29 38 29 37 27555779758
7 29 8 29 27555779758
21 7 21 8 27555779758
38 21 37 21 27555779758
24 38 24 37 27555779758
7 24 8 24 27555779758
26 7 26 8 27555779758
38 26 37 26 27555779758
19 38 19 37 27555779758
7 19 8 19 27555779758
19 7 19 8 27555779758
38 19 37 19 27555779758
26 38 26 37 27555779758
7 26 8 26 27555779758
24 7 24 8 27555779758
38 24 37 24 27555779758
21 38 21 37 27555779758
7 21 8 21 27555779758
29 7 29 8 27555779758
38 29 37 29 27555779758
16 38 16 37 27555779758
7 16 8 16 27555779758
16 8 16 9 11401542168
37 16 36 16 11401542168
29 37 29 36 11401542168
8 29 9 29 11401542168
21 8 21 9 11401542168
37 21 36 21 11401542168
24 37 24 36 11401542168
8 24 9 24 11401542168
26 8 26 9 11401542168
37 26 36 26 11401542168
19 37 19 36 11401542168
8 19 9 19 11401542168
19 8 19 9 11401542168
37 19 36 19 11401542168
26 37 26 36 11401542168
8 26 9 26 11401542168
24 8 24 9 11401542168
37 24 36 24 11401542168
21 37 21 36 11401542168
8 21 9 21 11401542168
29 8 29 9 11401542168
37 29 36 29 11401542168
16 37 16 36 11401542168
8 16 9 16 11401542168
16 9 16 10 31052028722
36 16 35 16 31052028722
29 36 29 35 31052028722
9 29 10 29 31052028722
21 9 21 10 31052028722
36 21 35 21 31052028722
24 36 24 35 31052028722
9 24 10 24 31052028722
26 9 26 10 31052028722
36 26 35 26 31052028722
19 36 19 35 31052028722
9 19 10 19 31052028722
19 9 19 10 31052028722
36 19 35 19 31052028722
26 36 26 35 31052028722
9 26 10 26 31052028722
24 9 24 10 31052028722
36 24 35 24 31052028722
21 36 21 35 31052028722
9 21 10 21 31052028722
29 9 29 10 31052028722
36 29 35 29 31052028722
16 36 16 35 31052028722
9 16 10 16 31052028722
16 10 16 11 35832099756
35 16 34 16 35832099756
29 35 29 34 35832099756
10 29 11 29 35832099756
21 10 21 11 35832099756
35 21 34 21 35832099756
24 35 24 34 35832099756
10 24 11 24 35832099756
26 10 26 11 35832099756
35 26 34 26 35832099756
19 35 19 34 35832099756
10 19 11 19 35832099756
19 10 19 11 35832099756
35 19 34 19 35832099756
26 35 26 34 35832099756
10 26 11 26 35832099756
24 10 24 11 35832099756
35 24 34 24 35832099756
21 35 21 34 35832099756
10 21 11 21 35832099756
29 10 29 11 35832099756
35 29 34 29 35832099756
16 35 16 34 35832099756
10 16 11 16 35832099756
16 11 16 12 4528639018
34 16 33 16 4528639018
29 34 29 33 4528639018
11 29 12 29 4528639018
21 11 21 12 4528639018
34 21 33 21 4528639018
24 34 24 33 4528639018
11 24 12 24 4528639018
26 11 26 12 4528639018
34 26 33 26 4528639018
19 34 19 33 4528639018
11 19 12 19 4528639018
19 11 19 12 4528639018
34 19 33 19 4528639018
26 34 26 33 4528639018
11 26 12 26 4528639018
24 11 24 12 4528639018
34 24 33 24 4528639018
21 34 21 33 4528639018
11 21 12 21 4528639018
29 11 29 12 4528639018
34 29 33 29 4528639018
16 34 16 33 4528639018
11 16 12 16 4528639018
16 12 16 13 30319814672
33 16 32 16 30319814672
29 33 29 32 30319814672
12 29 13 29 30319814672
21 12 21 13 30319814672
33 21 32 21 30319814672
24 33 24 32 30319814672
12 24 13 24 30319814672
26 12 26 13 30319814672
33 26 32 26 30319814672
19 33 19 32 30319814672
12 19 13 19 30319814672
19 12 19 13 30319814672
33 19 32 19 30319814672
26 33 26 32 30319814672
12 26 13 26 30319814672
24 12 24 13 30319814672
33 24 32 24 30319814672
21 33 21 32 30319814672
12 21 13 21 30319814672
29 12 29 13 30319814672
33 29 32 29 30319814672
16 33 16 32 30319814672
12 16 13 16 30319814672
16 13 16 14 28246705462
32 16 31 16 28246705462
29 32 29 31 28246705462
13 29 14 29 28246705462
21 13 21 14 28246705462
32 21 31 21 28246705462
24 32 24 31 28246705462
13 24 14 24 28246705462
26 13 26 14 28246705462
32 26 31 26 28246705462
19 32 19 31 28246705462
13 19 14 19 28246705462
19 13 19 14 28246705462
32 19 31 19 28246705462
26 32 26 31 28246705462
13 26 14 26 28246705462
24 13 24 14 28246705462
32 24 31 24 28246705462
21 32 21 31 28246705462
13 21 14 21 28246705462
29 13 29 14 28246705462
32 29 31 29 28246705462
16 32 16 31 28246705462
13 16 14 16 28246705462
17 1 17 2 255749618
44 17 43 17 255749618
28 44 28 43 255749618
1 28 2 28 255749618
22 1 22 2 255749618
44 22 43 22 255749618
23 44 23 43 255749618
1 23 2 23 255749618
27 1 27 2 255749618
44 27 43 27 255749618
18 44 18 43 255749618
1 18 2 18 255749618
18 1 18 2 255749618
44 18 43 18 255749618
27 44 27 43 255749618
1 27 2 27 255749618
23 1 23 2 255749618
44 23 43 23 255749618
22 44 22 43 255749618
1 22 2 22 255749618
28 1 28 2 255749618
44 28 43 28 255749618
17 44 17 43 255749618
1 17 2 17 255749618
17 2 17 3 658921100
43 17 42 17 658921100
28 43 28 42 658921100
2 28 3 28 658921100
22 2 22 3 658921100
43 22 42 22 658921100
23 43 23 42 658921100
2 23 3 23 658921100
27 2 27 3 658921100
43 27 42 27 658921100
18 43 18 42 658921100
2 18 3 18 658921100
18 2 18 3 658921100
43 18 42 18 658921100
27 43 27 42 658921100
2 27 3 27 658921100
23 2 23 3 658921100
43 23 42 23 658921100
22 43 22 42 658921100
2 22 3 22 658921100
28 2 28 3 658921100
43 28 42 28 658921100
17 43 17 42 658921100
2 17 3 17 658921100
17 3 17 4 1927608800
42 17 41 17 1927608800
28 42 28 41 1927608800
3 28 4 28 1927608800
22 3 22 4 1927608800
42 22 41 22 1927608800
23 42 23 41 1927608800
3 23 4 23 1927608800
27 3 27 4 1927608800
42 27 41 27 1927608800
18 42 18 41 1927608800
3 18 4 18 1927608800
18 3 18 4 1927608800
42 18 41 18 1927608800
27 42 27 41 1927608800
3 27 4 27 1927608800
23 3 23 4 1927608800
42 23 41 23 1927608800
22 42 22 41 1927608800
3 22 4 22 1927608800
28 3 28 4 1927608800
42 28 41 28 1927608800
17 42 17 41 1927608800
3 17 4 17 1927608800
17 4 17 5 118100074996
41 17 40 17 118100074996
28 41 28 40 118100074996
4 28 5 28 118100074996
22 4 22 5 118100074996
41 22 40 22 118100074996
23 41 23 40 118100074996
4 23 5 23 118100074996
27 4 27 5 118100074996
41 27 40 27 118100074996
18 41 18 40 118100074996
4 18 5 18 118100074996
18 4 18 5 118100074996
41 18 40 18 118100074996
27 41 27 40 118100074996
4 27 5 27 118100074996
23 4 23 5 118100074996
41 23 40 23 118100074996
22 41 22 40 118100074996
4 22 5 22 118100074996
28 4 28 5 118100074996
41 28 40 28 118100074996
17 41 17 40 118100074996
4 17 5 17 118100074996
17 5 17 6 27666484490
40 17 39 17 27666484490
28 40 28 39 27666484490
5 28 6 28 27666484490
22 5 22 6 27666484490
40 22 39 22 27666484490
23 40 23 39 27666484490
5 23 6 23 27666484490
27 5 27 6 27666484490
40 27 39 27 27666484490
18 40 18 39 27666484490
5 18 6 18 27666484490
18 5 18 6 27666484490
40 18 39 18 27666484490
27 40 27 39 27666484490
5 27 6 27 27666484490
23 5 23 6 27666484490
40 23 39 23 27666484490
22 40 22 39 27666484490
5 22 6 22 27666484490
28 5 28 6 27666484490
40 28 39 28 27666484490
17 40 17 39 27666484490
5 17 6 17 27666484490
17 6 17 7 40078560534
39 17 38 17 40078560534
28 39 28 38 40078560534
6 28 7 28 40078560534
22 6 22 7 40078560534
39 22 38 22 40078560534
23 39 23 38 40078560534
6 23 7 23 40078560534
27 6 27 7 40078560534
39 27 38 27 40078560534
18 39 18 38 40078560534
6 18 7 18 40078560534
18 6 18 7 40078560534
39 18 38 18 40078560534
27 39 27 38 40078560534
6 27 7 27 40078560534
23 6 23 7 40078560534
39 23 38 23 40078560534
22 39 22 38 40078560534
6 22 7 22 40078560534
28 6 28 7 40078560534
39 28 38 28 40078560534
17 39 17 38 40078560534
6 17 7 17 40078560534
17 7 17 8 40133333864
38 17 37 17 40133333864
28 38 28 37 40133333864
7 28 8 28 40133333864
22 7 22 8 40133333864
38 22 37 22 40133333864
23 38 23 37 40133333864
7 23 8 23 40133333864
27 7 27 8 40133333864
38 27 37 27 40133333864
18 38 18 37 40133333864
7 18 8 18 40133333864
18 7 18 8 40133333864
38 18 37 18 40133333864
27 38 27 37 40133333864
7 27 8 27 40133333864
23 7 23 8 40133333864
38 23 37 23 40133333864
22 38 22 37 40133333864
7 22 8 22 40133333864
28 7 28 8 40133333864
38 28 37 28 40133333864
17 38 17 37 40133333864
7 17 8 17 40133333864
17 8 17 9 53737545810
37 17 36 17 53737545810
28 37 28 36 53737545810
8 28 9 28 53737545810
22 8 22 9 53737545810
37 22 36 22 53737545810
23 37 23 36 53737545810
8 23 9 23 53737545810
27 8 27 9 53737545810
37 27 36 27 53737545810
18 37 18 36 53737545810
8 18 9 18 53737545810
18 8 18 9 53737545810
37 18 36 18 53737545810
27 37 27 36 53737545810
8 27 9 27 53737545810
23 8 23 9 53737545810
37 23 36 23 53737545810
22 37 22 36 53737545810
8 22 9 22 53737545810
28 8 28 9 53737545810
37 28 36 28 53737545810
17 37 17 36 53737545810
8 17 9 17 53737545810
17 9 17 10 65005558660
36 17 35 17 65005558660
28 36 28 35 65005558660
9 28 10 28 65005558660
22 9 22 10 65005558660
36 22 35 22 65005558660
23 36 23 35 65005558660
9 23 10 23 65005558660
27 9 27 10 65005558660
36 27 35 27 65005558660
18 36 18 35 65005558660
9 18 10 18 65005558660
18 9 18 10 65005558660
36 18 35 18 65005558660
27 36 27 35 65005558660
9 27 10 27 65005558660
23 9 23 10 65005558660
36 23 35 23 65005558660
22 36 22 35 65005558660
9 22 10 22 65005558660
28 9 28 10 65005558660
36 28 35 28 65005558660
17 36 17 35 65005558660
9 17 10 17 65005558660
17 10 17 11 64582994200
35 17 34 17 64582994200
28 35 28 34 64582994200
10 28 11 28 64582994200
22 10 22 11 64582994200
35 22 34 22 64582994200
23 35 23 34 64582994200
10 23 11 23 64582994200
27 10 27 11 64582994200
35 27 34 27 64582994200
18 35 18 34 64582994200
10 18 11 18 64582994200
18 10 18 11 64582994200
35 18 34 18 64582994200
27 35 27 34 64582994200
10 27 11 27 64582994200
23 10 23 11 64582994200
35 23 34 23 64582994200
22 35 22 34 64582994200
10 22 11 22 64582994200
28 10 28 11 64582994200
35 28 34 28 64582994200
17 35 17 34 64582994200
10 17 11 17 64582994200
17 11 17 12 26171489564
34 17 33 17 26171489564
28 34 28 33 26171489564
11 28 12 28 26171489564
22 11 22 12 26171489564
34 22 33 22 26171489564
23 34 23 33 26171489564
11 23 12 23 26171489564
27 11 27 12 26171489564
34 27 33 27 26171489564
18 34 18 33 26171489564
11 18 12 18 26171489564
18 11 18 12 26171489564
34 18 33 18 26171489564
27 34 27 33 26171489564
11 27 12 27 26171489564
23 11 23 12 26171489564
34 23 33 23 26171489564
22 34 22 33 26171489564
11 22 12 22 26171489564
28 11 28 12 26171489564
34 28 33 28 26171489564
17 34 17 33 26171489564
11 17 12 17 26171489564
17 12 17 13 37937520472
33 17 32 17 37937520472
28 33 28 32 37937520472
12 28 13 28 37937520472
22 12 22 13 37937520472
33 22 32 22 37937520472
23 33 23 32 37937520472
12 23 13 23 37937520472
27 12 27 13 37937520472
33 27 32 27 37937520472
18 33 18 32 37937520472
12 18 13 18 37937520472
18 12 18 13 37937520472
33 18 32 18 37937520472
27 33 27 32 37937520472
12 27 13 27 37937520472
23 12 23 13 37937520472
33 23 32 23 37937520472
22 33 22 32 37937520472
12 22 13 22 37937520472
28 12 28 13 37937520472
33 28 32 28 37937520472
17 33 17 32 37937520472
12 17 13 17 37937520472
17 13 17 14 37761941238
32 17 31 17 37761941238
28 32 28 31 37761941238
13 28 14 28 37761941238
22 13 22 14 37761941238
32 22 31 22 37761941238
23 32 23 31 37761941238
13 23 14 23 37761941238
27 13 27 14 37761941238
32 27 31 27 37761941238
18 32 18 31 37761941238
13 18 14 18 37761941238
18 13 18 14 37761941238
32 18 31 18 37761941238
27 32 27 31 37761941238
13 27 14 27 37761941238
23 13 23 14 37761941238
32 23 31 23 37761941238
22 32 22 31 37761941238
13 22 14 22 37761941238
28 13 28 14 37761941238
32 28 31 28 37761941238
17 32 17 31 37761941238
13 17 14 17 37761941238
1
4 23120000000000 14 14 31 14 31 31 14 31
