mixed 1
# qx2 box k=7 from ../runs/qx2_L4_k02/sol_exact.json; total 5701378693611/125000000000 = k^2 - 4D, D = 423621306389/500000000000
7 1
5
1000000000000
0
800
0 5 1 5 557592584
35 5 34 5 557592584
0 30 1 30 557592584
35 30 34 30 557592584
1 5 2 5 5981649899
34 5 33 5 5981649899
1 30 2 30 5981649899
34 30 33 30 5981649899
2 5 3 5 41477047432
33 5 32 5 41477047432
2 30 3 30 41477047432
33 30 32 30 41477047432
3 5 4 5 73964365370
32 5 31 5 73964365370
3 30 4 30 73964365370
32 30 31 30 73964365370
4 5 5 5 381783091422
31 5 30 5 381783091422
4 30 5 30 381783091422
31 30 30 30 381783091422
5 5 6 5 24165866279
30 5 29 5 24165866279
5 30 6 30 24165866279
30 30 29 30 24165866279
6 5 7 5 130718015989
29 5 28 5 130718015989
6 30 7 30 130718015989
29 30 28 30 130718015989
7 5 8 5 118761318180
28 5 27 5 118761318180
7 30 8 30 118761318180
28 30 27 30 118761318180
8 5 9 5 131889975597
27 5 26 5 131889975597
8 30 9 30 131889975597
27 30 26 30 131889975597
9 5 10 5 65190203903
26 5 25 5 65190203903
9 30 10 30 65190203903
26 30 25 30 65190203903
9 6 10 6 14762270121
26 6 25 6 14762270121
9 29 10 29 14762270121
26 29 25 29 14762270121
4 7 5 7 15319037978
31 7 30 7 15319037978
4 28 5 28 15319037978
31 28 30 28 15319037978
9 7 10 7 14827157379
26 7 25 7 14827157379
9 28 10 28 14827157379
26 28 25 28 14827157379
4 8 5 8 7721759913
31 8 30 8 7721759913
4 27 5 27 7721759913
31 27 30 27 7721759913
8 8 9 8 43005653906
27 8 26 8 43005653906
8 27 9 27 43005653906
27 27 26 27 43005653906
4 9 5 9 16217103406
31 9 30 9 16217103406
4 26 5 26 16217103406
31 26 30 26 16217103406
7 9 8 9 26892861341
28 9 27 9 26892861341
7 26 8 26 26892861341
28 26 27 26 26892861341
9 9 10 9 2398165518
26 9 25 9 2398165518
9 26 10 26 2398165518
26 26 25 26 2398165518
5 0 5 1 557592584
30 0 30 1 557592584
5 35 5 34 557592584
30 35 30 34 557592584
5 1 5 2 5981649899
30 1 30 2 5981649899
5 34 5 33 5981649899
30 34 30 33 5981649899
5 2 5 3 41477047432
30 2 30 3 41477047432
5 33 5 32 41477047432
30 33 30 32 41477047432
5 3 5 4 73964365370
30 3 30 4 73964365370
5 32 5 31 73964365370
30 32 30 31 73964365370
5 4 5 5 381783091422
30 4 30 5 381783091422
5 31 5 30 381783091422
30 31 30 30 381783091422
5 5 5 6 24165866279
30 5 30 6 24165866279
5 30 5 29 24165866279
30 30 30 29 24165866279
5 6 5 7 130718015989
30 6 30 7 130718015989
5 29 5 28 130718015989
30 29 30 28 130718015989
5 7 5 8 118761318180
30 7 30 8 118761318180
5 28 5 27 118761318180
30 28 30 27 118761318180
5 8 5 9 131889975597
30 8 30 9 131889975597
5 27 5 26 131889975597
30 27 30 26 131889975597
5 9 5 10 65190203903
30 9 30 10 65190203903
5 26 5 25 65190203903
30 26 30 25 65190203903
6 9 6 10 14762270121
29 9 29 10 14762270121
6 26 6 25 14762270121
29 26 29 25 14762270121
7 4 7 5 15319037978
28 4 28 5 15319037978
7 31 7 30 15319037978
28 31 28 30 15319037978
7 9 7 10 14827157379
28 9 28 10 14827157379
7 26 7 25 14827157379
28 26 28 25 14827157379
8 4 8 5 7721759913
27 4 27 5 7721759913
8 31 8 30 7721759913
27 31 27 30 7721759913
8 8 8 9 43005653906
27 8 27 9 43005653906
8 27 8 26 43005653906
27 27 27 26 43005653906
9 4 9 5 16217103406
26 4 26 5 16217103406
9 31 9 30 16217103406
26 31 26 30 16217103406
9 7 9 8 26892861341
26 7 26 8 26892861341
9 28 9 27 26892861341
26 28 26 27 26892861341
9 9 9 10 2398165518
26 9 26 10 2398165518
9 26 9 25 2398165518
26 26 26 25 2398165518
11 3 12 3 7410152056
32 11 32 12 7410152056
24 32 23 32 7410152056
3 24 3 23 7410152056
16 3 17 3 7410152056
32 16 32 17 7410152056
19 32 18 32 7410152056
3 19 3 18 7410152056
21 3 22 3 7410152056
32 21 32 22 7410152056
14 32 13 32 7410152056
3 14 3 13 7410152056
13 3 14 3 7410152056
32 13 32 14 7410152056
22 32 21 32 7410152056
3 22 3 21 7410152056
18 3 19 3 7410152056
32 18 32 19 7410152056
17 32 16 32 7410152056
3 17 3 16 7410152056
23 3 24 3 7410152056
32 23 32 24 7410152056
12 32 11 32 7410152056
3 12 3 11 7410152056
10 4 11 4 22275630045
31 10 31 11 22275630045
25 31 24 31 22275630045
4 25 4 24 22275630045
15 4 16 4 22275630045
31 15 31 16 22275630045
20 31 19 31 22275630045
4 20 4 19 22275630045
20 4 21 4 22275630045
31 20 31 21 22275630045
15 31 14 31 22275630045
4 15 4 14 22275630045
14 4 15 4 22275630045
31 14 31 15 22275630045
21 31 20 31 22275630045
4 21 4 20 22275630045
19 4 20 4 22275630045
31 19 31 20 22275630045
16 31 15 31 22275630045
4 16 4 15 22275630045
24 4 25 4 22275630045
31 24 31 25 22275630045
11 31 10 31 22275630045
4 11 4 10 22275630045
11 4 12 4 60619836906
31 11 31 12 60619836906
24 31 23 31 60619836906
4 24 4 23 60619836906
16 4 17 4 60619836906
31 16 31 17 60619836906
19 31 18 31 60619836906
4 19 4 18 60619836906
21 4 22 4 60619836906
31 21 31 22 60619836906
14 31 13 31 60619836906
4 14 4 13 60619836906
13 4 14 4 60619836906
31 13 31 14 60619836906
22 31 21 31 60619836906
4 22 4 21 60619836906
18 4 19 4 60619836906
31 18 31 19 60619836906
17 31 16 31 60619836906
4 17 4 16 60619836906
23 4 24 4 60619836906
31 23 31 24 60619836906
12 31 11 31 60619836906
4 12 4 11 60619836906
12 4 13 4 61752769524
31 12 31 13 61752769524
23 31 22 31 61752769524
4 23 4 22 61752769524
17 4 18 4 61752769524
31 17 31 18 61752769524
18 31 17 31 61752769524
4 18 4 17 61752769524
22 4 23 4 61752769524
31 22 31 23 61752769524
13 31 12 31 61752769524
4 13 4 12 61752769524
10 5 11 5 10126102005
30 10 30 11 10126102005
25 30 24 30 10126102005
5 25 5 24 10126102005
15 5 16 5 10126102005
30 15 30 16 10126102005
20 30 19 30 10126102005
5 20 5 19 10126102005
20 5 21 5 10126102005
30 20 30 21 10126102005
15 30 14 30 10126102005
5 15 5 14 10126102005
14 5 15 5 10126102005
30 14 30 15 10126102005
21 30 20 30 10126102005
5 21 5 20 10126102005
19 5 20 5 10126102005
30 19 30 20 10126102005
16 30 15 30 10126102005
5 16 5 15 10126102005
24 5 25 5 10126102005
30 24 30 25 10126102005
11 30 10 30 10126102005
5 11 5 10 10126102005
11 5 12 5 10276148355
30 11 30 12 10276148355
24 30 23 30 10276148355
5 24 5 23 10276148355
16 5 17 5 10276148355
30 16 30 17 10276148355
19 30 18 30 10276148355
5 19 5 18 10276148355
21 5 22 5 10276148355
30 21 30 22 10276148355
14 30 13 30 10276148355
5 14 5 13 10276148355
13 5 14 5 10276148355
30 13 30 14 10276148355
22 30 21 30 10276148355
5 22 5 21 10276148355
18 5 19 5 10276148355
30 18 30 19 10276148355
17 30 16 30 10276148355
5 17 5 16 10276148355
23 5 24 5 10276148355
30 23 30 24 10276148355
12 30 11 30 10276148355
5 12 5 11 10276148355
12 5 13 5 10964909918
30 12 30 13 10964909918
23 30 22 30 10964909918
5 23 5 22 10964909918
17 5 18 5 10964909918
30 17 30 18 10964909918
18 30 17 30 10964909918
5 18 5 17 10964909918
22 5 23 5 10964909918
30 22 30 23 10964909918
13 30 12 30 10964909918
5 13 5 12 10964909918
12 7 13 7 30789918275
28 12 28 13 30789918275
23 28 22 28 30789918275
7 23 7 22 30789918275
17 7 18 7 30789918275
28 17 28 18 30789918275
18 28 17 28 30789918275
7 18 7 17 30789918275
22 7 23 7 30789918275
28 22 28 23 30789918275
13 28 12 28 30789918275
7 13 7 12 30789918275
11 8 12 8 24476687426
27 11 27 12 24476687426
24 27 23 27 24476687426
8 24 8 23 24476687426
16 8 17 8 24476687426
27 16 27 17 24476687426
19 27 18 27 24476687426
8 19 8 18 24476687426
21 8 22 8 24476687426
27 21 27 22 24476687426
14 27 13 27 24476687426
8 14 8 13 24476687426
13 8 14 8 24476687426
27 13 27 14 24476687426
22 27 21 27 24476687426
8 22 8 21 24476687426
18 8 19 8 24476687426
27 18 27 19 24476687426
17 27 16 27 24476687426
8 17 8 16 24476687426
23 8 24 8 24476687426
27 23 27 24 24476687426
12 27 11 27 24476687426
8 12 8 11 24476687426
10 9 11 9 10103364146
26 10 26 11 10103364146
25 26 24 26 10103364146
9 25 9 24 10103364146
15 9 16 9 10103364146
26 15 26 16 10103364146
20 26 19 26 10103364146
9 20 9 19 10103364146
20 9 21 9 10103364146
26 20 26 21 10103364146
15 26 14 26 10103364146
9 15 9 14 10103364146
14 9 15 9 10103364146
26 14 26 15 10103364146
21 26 20 26 10103364146
9 21 9 20 10103364146
19 9 20 9 10103364146
26 19 26 20 10103364146
16 26 15 26 10103364146
9 16 9 15 10103364146
24 9 25 9 10103364146
26 24 26 25 10103364146
11 26 10 26 10103364146
9 11 9 10 10103364146
11 9 12 9 25905690800
26 11 26 12 25905690800
24 26 23 26 25905690800
9 24 9 23 25905690800
16 9 17 9 25905690800
26 16 26 17 25905690800
19 26 18 26 25905690800
9 19 9 18 25905690800
21 9 22 9 25905690800
26 21 26 22 25905690800
14 26 13 26 25905690800
9 14 9 13 25905690800
13 9 14 9 25905690800
26 13 26 14 25905690800
22 26 21 26 25905690800
9 22 9 21 25905690800
18 9 19 9 25905690800
26 18 26 19 25905690800
17 26 16 26 25905690800
9 17 9 16 25905690800
23 9 24 9 25905690800
26 23 26 24 25905690800
12 26 11 26 25905690800
9 12 9 11 25905690800
12 9 13 9 110011779377
26 12 26 13 110011779377
23 26 22 26 110011779377
9 23 9 22 110011779377
17 9 18 9 110011779377
26 17 26 18 110011779377
18 26 17 26 110011779377
9 18 9 17 110011779377
22 9 23 9 110011779377
26 22 26 23 110011779377
13 26 12 26 110011779377
9 13 9 12 110011779377
10 1 10 2 6369643790
34 10 33 10 6369643790
25 34 25 33 6369643790
1 25 2 25 6369643790
15 1 15 2 6369643790
34 15 33 15 6369643790
20 34 20 33 6369643790
1 20 2 20 6369643790
20 1 20 2 6369643790
34 20 33 20 6369643790
15 34 15 33 6369643790
1 15 2 15 6369643790
25 1 25 2 6369643790
34 25 33 25 6369643790
10 34 10 33 6369643790
1 10 2 10 6369643790
10 2 10 3 44565076005
33 10 32 10 44565076005
25 33 25 32 44565076005
2 25 3 25 44565076005
15 2 15 3 44565076005
33 15 32 15 44565076005
20 33 20 32 44565076005
2 20 3 20 44565076005
20 2 20 3 44565076005
33 20 32 20 44565076005
15 33 15 32 44565076005
2 15 3 15 44565076005
25 2 25 3 44565076005
33 25 32 25 44565076005
10 33 10 32 44565076005
2 10 3 10 44565076005
10 3 10 4 73380554150
32 10 31 10 73380554150
25 32 25 31 73380554150
3 25 4 25 73380554150
15 3 15 4 73380554150
32 15 31 15 73380554150
20 32 20 31 73380554150
3 20 4 20 73380554150
20 3 20 4 73380554150
32 20 31 20 73380554150
15 32 15 31 73380554150
3 15 4 15 73380554150
25 3 25 4 73380554150
32 25 31 25 73380554150
10 32 10 31 73380554150
3 10 4 10 73380554150
10 4 10 5 376249459113
31 10 30 10 376249459113
25 31 25 30 376249459113
4 25 5 25 376249459113
15 4 15 5 376249459113
31 15 30 15 376249459113
20 31 20 30 376249459113
4 20 5 20 376249459113
20 4 20 5 376249459113
31 20 30 20 376249459113
15 31 15 30 376249459113
4 15 5 15 376249459113
25 4 25 5 376249459113
31 25 30 25 376249459113
10 31 10 30 376249459113
4 10 5 10 376249459113
10 5 10 6 23259902868
30 10 29 10 23259902868
25 30 25 29 23259902868
5 25 6 25 23259902868
15 5 15 6 23259902868
30 15 29 15 23259902868
20 30 20 29 23259902868
5 20 6 20 23259902868
20 5 20 6 23259902868
30 20 29 20 23259902868
15 30 15 29 23259902868
5 15 6 15 23259902868
25 5 25 6 23259902868
30 25 29 25 23259902868
10 30 10 29 23259902868
5 10 6 10 23259902868
10 6 10 7 137248959390
29 10 28 10 137248959390
25 29 25 28 137248959390
6 25 7 25 137248959390
15 6 15 7 137248959390
29 15 28 15 137248959390
20 29 20 28 137248959390
6 20 7 20 137248959390
20 6 20 7 137248959390
29 20 28 20 137248959390
15 29 15 28 137248959390
6 15 7 15 137248959390
25 6 25 7 137248959390
29 25 28 25 137248959390
10 29 10 28 137248959390
6 10 7 10 137248959390
10 7 10 8 109447441212
28 10 27 10 109447441212
25 28 25 27 109447441212
7 25 8 25 109447441212
15 7 15 8 109447441212
28 15 27 15 109447441212
20 28 20 27 109447441212
7 20 8 20 109447441212
20 7 20 8 109447441212
28 20 27 20 109447441212
15 28 15 27 109447441212
7 15 8 15 109447441212
25 7 25 8 109447441212
28 25 27 25 109447441212
10 28 10 27 109447441212
7 10 8 10 109447441212
10 8 10 9 110970078260
27 10 26 10 110970078260
25 27 25 26 110970078260
8 25 9 25 110970078260
15 8 15 9 110970078260
27 15 26 15 110970078260
20 27 20 26 110970078260
8 20 9 20 110970078260
20 8 20 9 110970078260
27 20 26 20 110970078260
15 27 15 26 110970078260
8 15 9 15 110970078260
25 8 25 9 110970078260
27 25 26 25 110970078260
10 27 10 26 110970078260
8 10 9 10 110970078260
11 1 11 2 742690118
34 11 33 11 742690118
24 34 24 33 742690118
1 24 2 24 742690118
16 1 16 2 742690118
34 16 33 16 742690118
19 34 19 33 742690118
1 19 2 19 742690118
21 1 21 2 742690118
34 21 33 21 742690118
14 34 14 33 742690118
1 14 2 14 742690118
14 1 14 2 742690118
34 14 33 14 742690118
21 34 21 33 742690118
1 21 2 21 742690118
19 1 19 2 742690118
34 19 33 19 742690118
16 34 16 33 742690118
1 16 2 16 742690118
24 1 24 2 742690118
34 24 33 24 742690118
11 34 11 33 742690118
1 11 2 11 742690118
11 3 11 4 949417072
32 11 31 11 949417072
24 32 24 31 949417072
3 24 4 24 949417072
16 3 16 4 949417072
32 16 31 16 949417072
19 32 19 31 949417072
3 19 4 19 949417072
21 3 21 4 949417072
32 21 31 21 949417072
14 32 14 31 949417072
3 14 4 14 949417072
14 3 14 4 949417072
32 14 31 14 949417072
21 32 21 31 949417072
3 21 4 21 949417072
19 3 19 4 949417072
32 19 31 19 949417072
16 32 16 31 949417072
3 16 4 16 949417072
24 3 24 4 949417072
32 24 31 24 949417072
11 32 11 31 949417072
3 11 4 11 949417072
11 4 11 5 43728131194
31 11 30 11 43728131194
24 31 24 30 43728131194
4 24 5 24 43728131194
16 4 16 5 43728131194
31 16 30 16 43728131194
19 31 19 30 43728131194
4 19 5 19 43728131194
21 4 21 5 43728131194
31 21 30 21 43728131194
14 31 14 30 43728131194
4 14 5 14 43728131194
14 4 14 5 43728131194
31 14 30 14 43728131194
21 31 21 30 43728131194
4 21 5 21 43728131194
19 4 19 5 43728131194
31 19 30 19 43728131194
16 31 16 30 43728131194
4 16 5 16 43728131194
24 4 24 5 43728131194
31 24 30 24 43728131194
11 31 11 30 43728131194
4 11 5 11 43728131194
11 5 11 6 21884228872
30 11 29 11 21884228872
24 30 24 29 21884228872
5 24 6 24 21884228872
16 5 16 6 21884228872
30 16 29 16 21884228872
19 30 19 29 21884228872
5 19 6 19 21884228872
21 5 21 6 21884228872
30 21 29 21 21884228872
14 30 14 29 21884228872
5 14 6 14 21884228872
14 5 14 6 21884228872
30 14 29 14 21884228872
21 30 21 29 21884228872
5 21 6 21 21884228872
19 5 19 6 21884228872
30 19 29 19 21884228872
16 30 16 29 21884228872
5 16 6 16 21884228872
24 5 24 6 21884228872
30 24 29 24 21884228872
11 30 11 29 21884228872
5 11 6 11 21884228872
11 7 11 8 22247718315
28 11 27 11 22247718315
24 28 24 27 22247718315
7 24 8 24 22247718315
16 7 16 8 22247718315
28 16 27 16 22247718315
19 28 19 27 22247718315
7 19 8 19 22247718315
21 7 21 8 22247718315
28 21 27 21 22247718315
14 28 14 27 22247718315
7 14 8 14 22247718315
14 7 14 8 22247718315
28 14 27 14 22247718315
21 28 21 27 22247718315
7 21 8 21 22247718315
19 7 19 8 22247718315
28 19 27 19 22247718315
16 28 16 27 22247718315
7 16 8 16 22247718315
24 7 24 8 22247718315
28 24 27 24 22247718315
11 28 11 27 22247718315
7 11 8 11 22247718315
11 8 11 9 4645143026
27 11 26 11 4645143026
24 27 24 26 4645143026
8 24 9 24 4645143026
16 8 16 9 4645143026
27 16 26 16 4645143026
19 27 19 26 4645143026
8 19 9 19 4645143026
21 8 21 9 4645143026
27 21 26 21 4645143026
14 27 14 26 4645143026
8 14 9 14 4645143026
14 8 14 9 4645143026
27 14 26 14 4645143026
21 27 21 26 4645143026
8 21 9 21 4645143026
19 8 19 9 4645143026
27 19 26 19 4645143026
16 27 16 26 4645143026
8 16 9 16 4645143026
24 8 24 9 4645143026
27 24 26 24 4645143026
11 27 11 26 4645143026
8 11 9 11 4645143026
12 1 12 2 154883537
34 12 33 12 154883537
23 34 23 33 154883537
1 23 2 23 154883537
17 1 17 2 154883537
34 17 33 17 154883537
18 34 18 33 154883537
1 18 2 18 154883537
22 1 22 2 154883537
34 22 33 22 154883537
13 34 13 33 154883537
1 13 2 13 154883537
13 1 13 2 154883537
34 13 33 13 154883537
22 34 22 33 154883537
1 22 2 22 154883537
18 1 18 2 154883537
34 18 33 18 154883537
17 34 17 33 154883537
1 17 2 17 154883537
23 1 23 2 154883537
34 23 33 23 154883537
12 34 12 33 154883537
1 12 2 12 154883537
12 2 12 3 471281134
33 12 32 12 471281134
23 33 23 32 471281134
2 23 3 23 471281134
17 2 17 3 471281134
33 17 32 17 471281134
18 33 18 32 471281134
2 18 3 18 471281134
22 2 22 3 471281134
33 22 32 22 471281134
13 33 13 32 471281134
2 13 3 13 471281134
13 2 13 3 471281134
33 13 32 13 471281134
22 33 22 32 471281134
2 22 3 22 471281134
18 2 18 3 471281134
33 18 32 18 471281134
17 33 17 32 471281134
2 17 3 17 471281134
23 2 23 3 471281134
33 23 32 23 471281134
12 33 12 32 471281134
2 12 3 12 471281134
12 3 12 4 1448113938
32 12 31 12 1448113938
23 32 23 31 1448113938
3 23 4 23 1448113938
17 3 17 4 1448113938
32 17 31 17 1448113938
18 32 18 31 1448113938
3 18 4 18 1448113938
22 3 22 4 1448113938
32 22 31 22 1448113938
13 32 13 31 1448113938
3 13 4 13 1448113938
13 3 13 4 1448113938
32 13 31 13 1448113938
22 32 22 31 1448113938
3 22 4 22 1448113938
18 3 18 4 1448113938
32 18 31 18 1448113938
17 32 17 31 1448113938
3 17 4 17 1448113938
23 3 23 4 1448113938
32 23 31 23 1448113938
12 32 12 31 1448113938
3 12 4 12 1448113938
12 4 12 5 55156407390
31 12 30 12 55156407390
23 31 23 30 55156407390
4 23 5 23 55156407390
17 4 17 5 55156407390
31 17 30 17 55156407390
18 31 18 30 55156407390
4 18 5 18 55156407390
22 4 22 5 55156407390
31 22 30 22 55156407390
13 31 13 30 55156407390
4 13 5 13 55156407390
13 4 13 5 55156407390
31 13 30 13 55156407390
22 31 22 30 55156407390
4 22 5 22 55156407390
18 4 18 5 55156407390
31 18 30 18 55156407390
17 31 17 30 55156407390
4 17 5 17 55156407390
23 4 23 5 55156407390
31 23 30 23 55156407390
12 31 12 30 55156407390
4 12 5 12 55156407390
12 5 12 6 22913030019
30 12 29 12 22913030019
23 30 23 29 22913030019
5 23 6 23 22913030019
17 5 17 6 22913030019
30 17 29 17 22913030019
18 30 18 29 22913030019
5 18 6 18 22913030019
22 5 22 6 22913030019
30 22 29 22 22913030019
13 30 13 29 22913030019
5 13 6 13 22913030019
13 5 13 6 22913030019
30 13 29 13 22913030019
22 30 22 29 22913030019
5 22 6 22 22913030019
18 5 18 6 22913030019
30 18 29 18 22913030019
17 30 17 29 22913030019
5 17 6 17 22913030019
23 5 23 6 22913030019
30 23 29 23 22913030019
12 30 12 29 22913030019
5 12 6 12 22913030019
12 8 12 9 6960097705
27 12 26 12 6960097705
23 27 23 26 6960097705
8 23 9 23 6960097705
17 8 17 9 6960097705
27 17 26 17 6960097705
18 27 18 26 6960097705
8 18 9 18 6960097705
22 8 22 9 6960097705
27 22 26 22 6960097705
13 27 13 26 6960097705
8 13 9 13 6960097705
13 8 13 9 6960097705
27 13 26 13 6960097705
22 27 22 26 6960097705
8 22 9 22 6960097705
18 8 18 9 6960097705
27 18 26 18 6960097705
17 27 17 26 6960097705
8 17 9 17 6960097705
23 8 23 9 6960097705
27 23 26 23 6960097705
12 27 12 26 6960097705
8 12 9 12 6960097705
1
4 11560000000000 9 9 26 9 26 26 9 26
